{
  "advancedEditorSelectedIdentifier" : "ProjectBrowser",
  "openSceneRelativePaths" : [
    "Scene.usda"
  ],
  "recentIdentifiers" : {
    "26DBAE76-5DD8-47B6-A085-1B4ADA111097" : [

    ]
  },
  "sceneCameraHistory" : {
    "26DBAE76-5DD8-47B6-A085-1B4ADA111097" : [
      {
        "date" : 729948699.581868,
        "title" : "Untitled",
        "transform" : [
          0.99963945,
          1.2518097e-09,
          -0.026852239,
          0,
          -0.013426115,
          0.8660255,
          -0.4998195,
          0,
          0.023254722,
          0.4999998,
          0.8657133,
          0,
          0.017234437,
          0.34961855,
          0.7312696,
          1
        ]
      },
      {
        "date" : 729948286.07015,
        "title" : "Untitled",
        "transform" : [
          0.99963945,
          0,
          -0.02685224,
          0,
          -0.013426117,
          0.8660255,
          -0.49981958,
          0,
          0.023254724,
          0.49999988,
          0.86571324,
          0,
          0.08733739,
          0.27795276,
          0.4983077,
          1
        ]
      },
      {
        "date" : 729946782.767735,
        "title" : "Untitled",
        "transform" : [
          0.99963945,
          0,
          -0.02685224,
          0,
          -0.013426117,
          0.8660255,
          -0.49981958,
          0,
          0.023254724,
          0.49999988,
          0.86571324,
          0,
          0.06649196,
          0.2116118,
          0.3793731,
          1
        ]
      },
      {
        "date" : 729946777.1022,
        "title" : "Untitled",
        "transform" : [
          0.99963945,
          0,
          -0.02685224,
          0,
          -0.013426117,
          0.8660255,
          -0.49981958,
          0,
          0.023254724,
          0.49999988,
          0.86571324,
          0,
          0.06895933,
          0.26466274,
          0.47122696,
          1
        ]
      },
      {
        "date" : 729946763.921035,
        "title" : "Untitled",
        "transform" : [
          0.99999994,
          0,
          0,
          0,
          0,
          0.8660255,
          -0.49999988,
          0,
          0,
          0.49999988,
          0.8660255,
          0,
          0.034255132,
          0.16108565,
          0.28783357,
          1
        ]
      },
      {
        "date" : 729946328.724848,
        "title" : "Untitled",
        "transform" : [
          0.99999994,
          0,
          -0,
          0,
          -0,
          0.8660255,
          -0.49999988,
          0,
          0,
          0.49999988,
          0.8660255,
          0,
          -0.001410637,
          0.25437957,
          0.44079852,
          1
        ]
      },
      {
        "date" : 729946267.111031,
        "title" : "Untitled",
        "transform" : [
          0.99999994,
          0,
          -0,
          0,
          -0,
          0.8660255,
          -0.49999988,
          0,
          0,
          0.49999988,
          0.8660255,
          0,
          0,
          0.19266705,
          0.33390912,
          1
        ]
      }
    ]
  }
}